2.250000000000000000e+00 2.500000000000000000e-01 1.000000000000000000e+00 0.000000000000000000e+00 1.570750000000000091e+00 0.000000000000000000e+00
2.250000000000000000e+00 7.500000000000000000e-01 1.000000000000000000e+00 0.000000000000000000e+00 1.570750000000000091e+00 0.000000000000000000e+00
2.750000000000000000e+00 7.500000000000000000e-01 1.000000000000000000e+00 0.000000000000000000e+00 1.570750000000000091e+00 0.000000000000000000e+00
3.250000000000000000e+00 7.500000000000000000e-01 1.000000000000000000e+00 0.000000000000000000e+00 1.570750000000000091e+00 0.000000000000000000e+00
3.750000000000000000e+00 7.500000000000000000e-01 1.000000000000000000e+00 0.000000000000000000e+00 1.570750000000000091e+00 0.000000000000000000e+00
7.500000000000000000e-01 1.250000000000000000e+00 1.000000000000000000e+00 0.000000000000000000e+00 1.570750000000000091e+00 0.000000000000000000e+00
2.250000000000000000e+00 1.250000000000000000e+00 1.000000000000000000e+00 0.000000000000000000e+00 1.570750000000000091e+00 0.000000000000000000e+00
2.750000000000000000e+00 1.250000000000000000e+00 1.000000000000000000e+00 0.000000000000000000e+00 1.570750000000000091e+00 0.000000000000000000e+00
3.250000000000000000e+00 1.250000000000000000e+00 1.000000000000000000e+00 0.000000000000000000e+00 1.570750000000000091e+00 0.000000000000000000e+00
3.750000000000000000e+00 1.250000000000000000e+00 1.000000000000000000e+00 0.000000000000000000e+00 1.570750000000000091e+00 0.000000000000000000e+00
5.250000000000000000e+00 1.750000000000000000e+00 1.000000000000000000e+00 0.000000000000000000e+00 1.570750000000000091e+00 0.000000000000000000e+00
5.750000000000000000e+00 1.750000000000000000e+00 1.000000000000000000e+00 0.000000000000000000e+00 1.570750000000000091e+00 0.000000000000000000e+00
6.250000000000000000e+00 1.750000000000000000e+00 1.000000000000000000e+00 0.000000000000000000e+00 1.570750000000000091e+00 0.000000000000000000e+00
6.750000000000000000e+00 1.750000000000000000e+00 1.000000000000000000e+00 0.000000000000000000e+00 1.570750000000000091e+00 0.000000000000000000e+00
5.250000000000000000e+00 2.250000000000000000e+00 1.000000000000000000e+00 0.000000000000000000e+00 1.570750000000000091e+00 0.000000000000000000e+00
5.750000000000000000e+00 2.250000000000000000e+00 1.000000000000000000e+00 0.000000000000000000e+00 1.570750000000000091e+00 0.000000000000000000e+00
6.250000000000000000e+00 2.250000000000000000e+00 1.000000000000000000e+00 0.000000000000000000e+00 1.570750000000000091e+00 0.000000000000000000e+00
6.750000000000000000e+00 2.250000000000000000e+00 1.000000000000000000e+00 0.000000000000000000e+00 1.570750000000000091e+00 0.000000000000000000e+00
5.250000000000000000e+00 2.750000000000000000e+00 1.000000000000000000e+00 0.000000000000000000e+00 1.570750000000000091e+00 0.000000000000000000e+00
5.750000000000000000e+00 2.750000000000000000e+00 1.000000000000000000e+00 0.000000000000000000e+00 1.570750000000000091e+00 0.000000000000000000e+00
6.250000000000000000e+00 2.750000000000000000e+00 1.000000000000000000e+00 0.000000000000000000e+00 1.570750000000000091e+00 0.000000000000000000e+00
6.750000000000000000e+00 2.750000000000000000e+00 1.000000000000000000e+00 0.000000000000000000e+00 1.570750000000000091e+00 0.000000000000000000e+00
2.250000000000000000e+00 3.250000000000000000e+00 1.000000000000000000e+00 0.000000000000000000e+00 1.570750000000000091e+00 0.000000000000000000e+00
2.750000000000000000e+00 3.250000000000000000e+00 1.000000000000000000e+00 0.000000000000000000e+00 1.570750000000000091e+00 0.000000000000000000e+00
3.250000000000000000e+00 3.250000000000000000e+00 1.000000000000000000e+00 0.000000000000000000e+00 1.570750000000000091e+00 0.000000000000000000e+00
3.750000000000000000e+00 3.250000000000000000e+00 1.000000000000000000e+00 0.000000000000000000e+00 1.570750000000000091e+00 0.000000000000000000e+00
5.250000000000000000e+00 3.250000000000000000e+00 1.000000000000000000e+00 0.000000000000000000e+00 1.570750000000000091e+00 0.000000000000000000e+00
5.750000000000000000e+00 3.250000000000000000e+00 1.000000000000000000e+00 0.000000000000000000e+00 1.570750000000000091e+00 0.000000000000000000e+00
6.250000000000000000e+00 3.250000000000000000e+00 1.000000000000000000e+00 0.000000000000000000e+00 1.570750000000000091e+00 0.000000000000000000e+00
6.750000000000000000e+00 3.250000000000000000e+00 1.000000000000000000e+00 0.000000000000000000e+00 1.570750000000000091e+00 0.000000000000000000e+00
2.250000000000000000e+00 3.750000000000000000e+00 1.000000000000000000e+00 0.000000000000000000e+00 1.570750000000000091e+00 0.000000000000000000e+00
2.750000000000000000e+00 3.750000000000000000e+00 1.000000000000000000e+00 0.000000000000000000e+00 1.570750000000000091e+00 0.000000000000000000e+00
3.250000000000000000e+00 3.750000000000000000e+00 1.000000000000000000e+00 0.000000000000000000e+00 1.570750000000000091e+00 0.000000000000000000e+00
3.750000000000000000e+00 3.750000000000000000e+00 1.000000000000000000e+00 0.000000000000000000e+00 1.570750000000000091e+00 0.000000000000000000e+00
2.250000000000000000e+00 4.250000000000000000e+00 1.000000000000000000e+00 0.000000000000000000e+00 1.570750000000000091e+00 0.000000000000000000e+00
2.750000000000000000e+00 4.250000000000000000e+00 1.000000000000000000e+00 0.000000000000000000e+00 1.570750000000000091e+00 0.000000000000000000e+00
3.250000000000000000e+00 4.250000000000000000e+00 1.000000000000000000e+00 0.000000000000000000e+00 1.570750000000000091e+00 0.000000000000000000e+00
3.750000000000000000e+00 4.250000000000000000e+00 1.000000000000000000e+00 0.000000000000000000e+00 1.570750000000000091e+00 0.000000000000000000e+00
4.250000000000000000e+00 4.750000000000000000e+00 1.000000000000000000e+00 0.000000000000000000e+00 1.570750000000000091e+00 0.000000000000000000e+00
2.250000000000000000e+00 4.750000000000000000e+00 1.000000000000000000e+00 0.000000000000000000e+00 1.570750000000000091e+00 0.000000000000000000e+00
2.750000000000000000e+00 4.750000000000000000e+00 1.000000000000000000e+00 0.000000000000000000e+00 1.570750000000000091e+00 0.000000000000000000e+00
3.250000000000000000e+00 4.750000000000000000e+00 1.000000000000000000e+00 0.000000000000000000e+00 1.570750000000000091e+00 0.000000000000000000e+00
3.750000000000000000e+00 4.750000000000000000e+00 1.000000000000000000e+00 0.000000000000000000e+00 1.570750000000000091e+00 0.000000000000000000e+00
4.250000000000000000e+00 4.750000000000000000e+00 1.000000000000000000e+00 0.000000000000000000e+00 1.570750000000000091e+00 0.000000000000000000e+00
4.750000000000000000e+00 4.750000000000000000e+00 1.000000000000000000e+00 0.000000000000000000e+00 1.570750000000000091e+00 0.000000000000000000e+00
5.250000000000000000e+00 4.750000000000000000e+00 1.000000000000000000e+00 0.000000000000000000e+00 1.570750000000000091e+00 0.000000000000000000e+00
5.750000000000000000e+00 4.750000000000000000e+00 1.000000000000000000e+00 0.000000000000000000e+00 1.570750000000000091e+00 0.000000000000000000e+00
6.250000000000000000e+00 4.750000000000000000e+00 1.000000000000000000e+00 0.000000000000000000e+00 1.570750000000000091e+00 0.000000000000000000e+00
6.750000000000000000e+00 4.750000000000000000e+00 1.000000000000000000e+00 0.000000000000000000e+00 1.570750000000000091e+00 0.000000000000000000e+00
7.250000000000000000e+00 4.750000000000000000e+00 1.000000000000000000e+00 0.000000000000000000e+00 1.570750000000000091e+00 0.000000000000000000e+00
